********************************************************************************
STREME - Sensitive, Thorough, Rapid, Enriched Motif Elicitation
********************************************************************************
MEME version 5.5.5 (Release date: Thu Sep 14 08:48:04 2023 +1000)

For further information on how to interpret these results please access http://meme-suite.org/.
To get a copy of the MEME Suite software please access https://meme-suite.org.

********************************************************************************


********************************************************************************
REFERENCE
********************************************************************************
If you use this program in your research, please cite:

Timothy L. Bailey,
"STREME: accurate and versatile sequence motif discovery",
Bioinformatics, Mar. 24, 2021.
********************************************************************************


ALPHABET= ACGT

strands: + -

Background letter frequencies
A 0.258 C 0.242 G 0.242 T 0.258 

MOTIF 1-CCACYAGRKGGCRSY STREME-1
letter-probability matrix: alength= 4 w= 15 nsites= 23257 E= 6.3e-473
 0.075662 0.838134 0.032225 0.053979
 0.000529 0.999113 0.000204 0.000154
 0.816832 0.019689 0.075502 0.087976
 0.032357 0.645861 0.306107 0.015674
 0.133034 0.397782 0.042659 0.426525
 0.936050 0.007719 0.033324 0.022908
 0.001085 0.000154 0.998759 0.000002
 0.468030 0.000103 0.529921 0.001946
 0.015957 0.008494 0.542077 0.433471
 0.005093 0.000660 0.992281 0.001967
 0.014824 0.015543 0.891957 0.077675
 0.096037 0.819162 0.009661 0.075140
 0.497161 0.021449 0.436388 0.045001
 0.098958 0.494953 0.338621 0.067468
 0.120877 0.348070 0.083475 0.447578

MOTIF 2-GAGGCYGAGGCRGGAGGATCRCT STREME-2
letter-probability matrix: alength= 4 w= 23 nsites= 2557 E= 1.4e-087
 0.041643 0.004133 0.949176 0.005049
 0.976165 0.002761 0.016026 0.005049
 0.049419 0.006420 0.940485 0.003676
 0.037526 0.005505 0.950548 0.006421
 0.002762 0.958324 0.008707 0.030207
 0.021059 0.388828 0.008250 0.581863
 0.170180 0.012366 0.812863 0.004591
 0.979824 0.004133 0.009622 0.006421
 0.053536 0.010079 0.930421 0.005964
 0.059940 0.003675 0.922645 0.013740
 0.018314 0.698049 0.008707 0.274930
 0.496782 0.014196 0.466591 0.022431
 0.049419 0.016026 0.919443 0.015112
 0.052164 0.010537 0.931336 0.005964
 0.565396 0.240622 0.016483 0.177498
 0.138160 0.009622 0.843053 0.009166
 0.301004 0.006877 0.684783 0.007336
 0.972048 0.008250 0.016941 0.002762
 0.005049 0.038440 0.003675 0.952836
 0.016484 0.741504 0.057194 0.184817
 0.548471 0.027462 0.393860 0.030207
 0.013282 0.892912 0.016026 0.077779
 0.037983 0.197624 0.128553 0.635840

MOTIF 3-CCAGCCTGGGCAACA STREME-3
letter-probability matrix: alength= 4 w= 15 nsites= 2664 E= 1.7e-082
 0.010485 0.941907 0.011790 0.035819
 0.008565 0.943667 0.003365 0.044404
 0.987896 0.001271 0.008809 0.002024
 0.030759 0.011949 0.889928 0.067364
 0.003366 0.961673 0.004621 0.030340
 0.007134 0.954136 0.005040 0.033690
 0.001612 0.011321 0.000852 0.986215
 0.040216 0.005632 0.945587 0.008565
 0.077914 0.003365 0.913594 0.005128
 0.035191 0.271856 0.677688 0.015265
 0.020045 0.748656 0.011076 0.220223
 0.657753 0.007193 0.326663 0.008391
 0.974994 0.000015 0.022882 0.002109
 0.012338 0.914871 0.012194 0.060597
 0.954844 0.009820 0.029118 0.006218

MOTIF 4-GCTGGGATTACAGGCGTGAGCC STREME-4
letter-probability matrix: alength= 4 w= 22 nsites= 2654 E= 7.2e-081
 0.045985 0.016884 0.912654 0.024476
 0.005920 0.905063 0.009715 0.079302
 0.008029 0.014776 0.007184 0.970011
 0.066228 0.007184 0.920246 0.006342
 0.061589 0.013510 0.916450 0.008450
 0.057794 0.008028 0.923198 0.010981
 0.976338 0.005076 0.013089 0.005498
 0.005077 0.153527 0.005919 0.835477
 0.010559 0.040080 0.016462 0.932899
 0.962842 0.006763 0.025319 0.005077
 0.003390 0.911389 0.010980 0.074241
 0.975916 0.006763 0.009715 0.007607
 0.043033 0.005497 0.947658 0.003811
 0.052733 0.009715 0.926993 0.010559
 0.021524 0.724559 0.008871 0.245045
 0.310836 0.028693 0.632199 0.028272
 0.016042 0.175457 0.013510 0.794991
 0.095750 0.077193 0.817342 0.009716
 0.708956 0.166179 0.016884 0.107980
 0.142141 0.016462 0.835476 0.005920
 0.013933 0.926572 0.012245 0.047250
 0.018150 0.926150 0.007184 0.048515

MOTIF 5-AAAAAAAAAAAAAAAAAAAAAAA STREME-5
letter-probability matrix: alength= 4 w= 23 nsites= 3538 E= 4.4e-076
 0.984166 0.013643 0.000011 0.002180
 0.999967 0.000011 0.000011 0.000012
 0.979209 0.019220 0.000011 0.001561
 0.761403 0.118983 0.063524 0.056089
 0.828635 0.102252 0.046794 0.022319
 0.895247 0.077157 0.000011 0.027586
 0.943451 0.023248 0.027404 0.005898
 0.733210 0.108759 0.077157 0.080875
 0.945748 0.039668 0.011784 0.002800
 0.829436 0.114335 0.035021 0.021208
 0.929637 0.026656 0.035021 0.008687
 0.646149 0.185285 0.092028 0.076538
 0.954113 0.010855 0.007137 0.027896
 0.908441 0.005897 0.061356 0.024306
 0.762953 0.123320 0.083973 0.029754
 0.664739 0.130446 0.125179 0.079636
 0.911048 0.068482 0.000940 0.019530
 0.784640 0.093267 0.066623 0.055470
 0.814073 0.039668 0.077157 0.069102
 0.535064 0.160189 0.186874 0.117873
 0.690323 0.120532 0.069964 0.119181
 0.699994 0.088916 0.119750 0.091340
 0.720256 0.072802 0.085394 0.121548

********************************************************************************
Stopped because maximum number of motifs (5) reached.
********************************************************************************
COMMAND:	streme --p /var/folders/02/8xlc9n4x3gv96_rj588v5bqh0000gn/T//RtmpETxpCX/filee63e7f959192.fa --oc /Users/hdash/code/icl_project2/MotifPeeker_reports/CTCF_ChIP-TIP/output/MotifPeeker_20240711_230621/streme/2 --minw 8 --maxw 25 --nmotifs 5 --dna
********************************************************************************
CPU:		HDash-MacBook-Pro.local
********************************************************************************
FINALTIME:	4677.20 seconds
********************************************************************************
