********************************************************************************
STREME - Sensitive, Thorough, Rapid, Enriched Motif Elicitation
********************************************************************************
MEME version 5.5.5 (Release date: Thu Sep 14 08:48:04 2023 +1000)

For further information on how to interpret these results please access http://meme-suite.org/.
To get a copy of the MEME Suite software please access https://meme-suite.org.

********************************************************************************


********************************************************************************
REFERENCE
********************************************************************************
If you use this program in your research, please cite:

Timothy L. Bailey,
"STREME: accurate and versatile sequence motif discovery",
Bioinformatics, Mar. 24, 2021.
********************************************************************************


ALPHABET= ACGT

strands: + -

Background letter frequencies
A 0.25 C 0.25 G 0.25 T 0.25 

MOTIF 1-CCASYAGRKGGCRSYVBNR STREME-1
letter-probability matrix: alength= 4 w= 19 nsites= 22059 E= 4.2e-726
 0.088110 0.817489 0.038417 0.055984
 0.000002 0.999995 0.000002 0.000002
 0.799830 0.015095 0.082124 0.102951
 0.034681 0.608288 0.340522 0.016509
 0.124405 0.426531 0.044697 0.404366
 0.943133 0.000002 0.030765 0.026100
 0.000910 0.000002 0.999086 0.000002
 0.456655 0.000052 0.542483 0.000809
 0.022011 0.009442 0.547885 0.420663
 0.004797 0.000052 0.994492 0.000658
 0.014641 0.014540 0.894845 0.075974
 0.110856 0.792329 0.012622 0.084194
 0.486762 0.016660 0.456121 0.040457
 0.095207 0.508346 0.337060 0.059387
 0.120497 0.350033 0.079508 0.449962
 0.409427 0.229555 0.271162 0.089856
 0.181245 0.186104 0.267991 0.364660
 0.322854 0.183387 0.192402 0.301358
 0.229786 0.156986 0.443362 0.169867

MOTIF 2-AAAAAAAAAAAAAAAAAAAAAAVAA STREME-2
letter-probability matrix: alength= 4 w= 25 nsites= 2045 E= 1.4e-038
 0.847619 0.085702 0.000018 0.066661
 0.996939 0.003025 0.000018 0.000018
 0.819058 0.061650 0.039102 0.080190
 0.950339 0.023569 0.024571 0.001521
 0.845615 0.091214 0.011543 0.051629
 0.899731 0.045616 0.022065 0.032588
 0.740389 0.070670 0.066661 0.122280
 0.871670 0.084700 0.041106 0.002523
 0.911255 0.050126 0.012545 0.026074
 0.891212 0.037098 0.024070 0.047620
 0.700303 0.110756 0.065659 0.123283
 0.880189 0.060147 0.017055 0.042609
 0.853632 0.084700 0.048622 0.013046
 0.898227 0.038601 0.051128 0.012044
 0.654497 0.104242 0.090921 0.150341
 0.877683 0.048121 0.035093 0.039102
 0.784483 0.096225 0.071171 0.048121
 0.760933 0.096225 0.075179 0.067663
 0.704241 0.076182 0.121849 0.097728
 0.776466 0.101736 0.040104 0.081693
 0.751412 0.074678 0.074177 0.099732
 0.781770 0.017055 0.091422 0.109754
 0.295894 0.265421 0.312897 0.125788
 0.683833 0.103467 0.009245 0.203455
 0.690535 0.071585 0.096559 0.141321

MOTIF 3-CCAGCCTGGGCRACAGAGYGA STREME-3
letter-probability matrix: alength= 4 w= 21 nsites= 805 E= 1.7e-021
 0.015673 0.893334 0.027034 0.063959
 0.007152 0.933099 0.001471 0.058278
 0.961502 0.001471 0.021354 0.015673
 0.027034 0.008572 0.935939 0.028454
 0.001471 0.965762 0.007152 0.025614
 0.007152 0.935939 0.018513 0.038396
 0.004312 0.009992 0.000051 0.985645
 0.044076 0.008572 0.930258 0.017093
 0.079580 0.004312 0.908956 0.007152
 0.046917 0.115085 0.826586 0.011413
 0.029875 0.695931 0.025614 0.248580
 0.509890 0.018513 0.460184 0.011413
 0.952981 0.001471 0.039816 0.005732
 0.022774 0.904695 0.014253 0.058278
 0.962922 0.008572 0.027034 0.001471
 0.085261 0.065379 0.609301 0.240059
 0.768360 0.015673 0.197454 0.018513
 0.130706 0.011413 0.843628 0.014253
 0.078160 0.474386 0.103723 0.343731
 0.278403 0.099463 0.613562 0.008572
 0.941619 0.009992 0.041236 0.007152

MOTIF 4-GGATTACAGGCGTGAGCCACCRC STREME-4
letter-probability matrix: alength= 4 w= 23 nsites= 817 E= 1.2e-020
 0.066702 0.018711 0.905207 0.009380
 0.058703 0.017378 0.911873 0.012046
 0.967862 0.002714 0.021377 0.008047
 0.010713 0.086698 0.009380 0.893209
 0.013379 0.032042 0.020044 0.934535
 0.959863 0.005380 0.024044 0.010713
 0.000048 0.931869 0.013379 0.054704
 0.970528 0.009380 0.006714 0.013379
 0.040040 0.004047 0.947866 0.008047
 0.054704 0.008047 0.926536 0.010713
 0.020044 0.718577 0.013379 0.248000
 0.302656 0.032042 0.630593 0.034708
 0.021377 0.081366 0.017378 0.879879
 0.070701 0.040040 0.879879 0.009380
 0.861216 0.073367 0.014712 0.050705
 0.102695 0.008047 0.882545 0.006713
 0.006713 0.933202 0.014712 0.045373
 0.009380 0.939867 0.001381 0.049372
 0.927869 0.021377 0.041374 0.009380
 0.024043 0.925203 0.018711 0.032042
 0.041373 0.651923 0.037374 0.269330
 0.330651 0.030709 0.605265 0.033375
 0.040040 0.643924 0.049372 0.266663

MOTIF 5-CCCCRCCCCC STREME-5
letter-probability matrix: alength= 4 w= 10 nsites= 4203 E= 5.1e-016
 0.005187 0.983090 0.000042 0.011681
 0.005170 0.994745 0.000042 0.000042
 0.000042 0.999874 0.000042 0.000042
 0.000042 0.982371 0.010782 0.006805
 0.617210 0.000042 0.382706 0.000042
 0.116472 0.782699 0.043349 0.057481
 0.000042 0.940698 0.030673 0.028587
 0.030282 0.863052 0.015124 0.091543
 0.049819 0.913275 0.005878 0.031029
 0.162710 0.706925 0.073175 0.057189

********************************************************************************
Stopped because maximum number of motifs (5) reached.
********************************************************************************
COMMAND:	streme --p /var/folders/02/8xlc9n4x3gv96_rj588v5bqh0000gn/T//RtmpETxpCX/filee64082b9afd.fa --oc /Users/hdash/code/icl_project2/MotifPeeker_reports/CTCF_ChIP-TIP/output/MotifPeeker_20240711_230621/streme/10 --minw 8 --maxw 25 --nmotifs 5 --dna
********************************************************************************
CPU:		HDash-MacBook-Pro.local
********************************************************************************
FINALTIME:	2385.31 seconds
********************************************************************************
