********************************************************************************
STREME - Sensitive, Thorough, Rapid, Enriched Motif Elicitation
********************************************************************************
MEME version 5.5.5 (Release date: Thu Sep 14 08:48:04 2023 +1000)

For further information on how to interpret these results please access http://meme-suite.org/.
To get a copy of the MEME Suite software please access https://meme-suite.org.

********************************************************************************


********************************************************************************
REFERENCE
********************************************************************************
If you use this program in your research, please cite:

Timothy L. Bailey,
"STREME: accurate and versatile sequence motif discovery",
Bioinformatics, Mar. 24, 2021.
********************************************************************************


ALPHABET= ACGT

strands: + -

Background letter frequencies
A 0.252 C 0.248 G 0.248 T 0.252 

MOTIF 1-CCASYAGRKGGCRSYVK STREME-1
letter-probability matrix: alength= 4 w= 17 nsites= 21908 E= 1.6e-522
 0.086530 0.822209 0.034463 0.056798
 0.000661 0.999031 0.000053 0.000255
 0.816300 0.017501 0.071694 0.094506
 0.032870 0.629152 0.321267 0.016711
 0.138457 0.410712 0.043056 0.407775
 0.932086 0.008320 0.034717 0.024877
 0.001473 0.000053 0.998473 0.000002
 0.466046 0.000255 0.531871 0.001828
 0.020718 0.009030 0.546538 0.423714
 0.006646 0.000509 0.990966 0.001879
 0.014610 0.014052 0.893862 0.077476
 0.122065 0.774750 0.015726 0.087460
 0.478258 0.023152 0.454824 0.043767
 0.096011 0.510267 0.324870 0.068853
 0.127124 0.350378 0.076056 0.446442
 0.403662 0.232026 0.268301 0.096011
 0.180983 0.183566 0.258156 0.377294

MOTIF 2-GCTGGGATTACAGGCGT STREME-2
letter-probability matrix: alength= 4 w= 17 nsites= 1195 E= 1.5e-033
 0.028467 0.010459 0.936399 0.024676
 0.000982 0.925974 0.008564 0.064481
 0.004773 0.007616 0.000034 0.987577
 0.065428 0.000982 0.929765 0.003825
 0.063533 0.004773 0.925026 0.006669
 0.042683 0.010459 0.943033 0.003825
 0.987577 0.000982 0.011407 0.000034
 0.008564 0.190529 0.004773 0.796134
 0.005721 0.026571 0.014250 0.953459
 0.971466 0.003825 0.023727 0.000982
 0.001930 0.935451 0.008564 0.054055
 0.982838 0.003825 0.008564 0.004773
 0.026571 0.005720 0.961040 0.006669
 0.046474 0.007616 0.935451 0.010460
 0.024676 0.734531 0.013302 0.227491
 0.301415 0.026571 0.641652 0.030362
 0.020885 0.195268 0.016146 0.767702

MOTIF 3-CCTCRGCCTCCCRAR STREME-3
letter-probability matrix: alength= 4 w= 15 nsites= 1266 E= 2.2e-032
 0.007773 0.935899 0.023612 0.032717
 0.001752 0.953962 0.001751 0.042535
 0.001752 0.002611 0.005622 0.990015
 0.005192 0.843280 0.000031 0.151497
 0.441307 0.101528 0.393126 0.064039
 0.068697 0.000031 0.930381 0.000891
 0.004332 0.968081 0.001751 0.025836
 0.000891 0.955179 0.000031 0.043899
 0.006052 0.000891 0.001751 0.991306
 0.000891 0.960174 0.003471 0.035463
 0.002612 0.964284 0.008632 0.024472
 0.015871 0.803939 0.009492 0.170698
 0.640868 0.021535 0.333265 0.004332
 0.812898 0.005192 0.179299 0.002612
 0.531696 0.000891 0.463942 0.003472

MOTIF 4-CCAGCCTGGGCRACAKRG STREME-4
letter-probability matrix: alength= 4 w= 18 nsites= 1160 E= 4.8e-032
 0.009664 0.943086 0.021218 0.026032
 0.009664 0.952715 0.005812 0.031810
 0.980639 0.000997 0.011589 0.006775
 0.027958 0.001960 0.919014 0.051067
 0.002924 0.952715 0.009663 0.034698
 0.003886 0.964269 0.007737 0.024107
 0.003886 0.005812 0.001960 0.988342
 0.025070 0.004849 0.961381 0.008701
 0.073213 0.003886 0.914200 0.008701
 0.036624 0.245567 0.707182 0.010627
 0.027958 0.723551 0.012552 0.235939
 0.590276 0.008137 0.390961 0.010627
 0.972536 0.003886 0.021617 0.001961
 0.013515 0.916126 0.013515 0.056844
 0.953678 0.005812 0.030846 0.009664
 0.079953 0.084767 0.501128 0.334152
 0.635930 0.010626 0.333188 0.020255
 0.102099 0.016403 0.873759 0.007738

MOTIF 5-AAAAAAAAAAAAAADAA STREME-5
letter-probability matrix: alength= 4 w= 17 nsites= 1758 E= 3.9e-017
 0.877896 0.025849 0.000025 0.096231
 0.999926 0.000025 0.000025 0.000025
 0.823302 0.063131 0.010821 0.102746
 0.974119 0.006185 0.009405 0.010292
 0.824807 0.121056 0.030750 0.023386
 0.926458 0.002078 0.002308 0.069156
 0.754611 0.052841 0.013743 0.178805
 0.938404 0.027971 0.029210 0.004416
 0.834631 0.124873 0.019172 0.021324
 0.827849 0.102521 0.055232 0.014398
 0.770571 0.076906 0.028956 0.123566
 0.945042 0.023824 0.000025 0.031109
 0.988027 0.000025 0.011923 0.000025
 0.991294 0.000025 0.006603 0.002078
 0.354915 0.171306 0.225718 0.248061
 0.818189 0.023052 0.000025 0.158734
 0.958764 0.019269 0.000025 0.021942

********************************************************************************
Stopped because maximum number of motifs (5) reached.
********************************************************************************
COMMAND:	streme --p /var/folders/02/8xlc9n4x3gv96_rj588v5bqh0000gn/T//RtmpETxpCX/filee63e6a1fca12.fa --oc /Users/hdash/code/icl_project2/MotifPeeker_reports/CTCF_ChIP-TIP/output/MotifPeeker_20240711_230621/streme/5 --minw 8 --maxw 25 --nmotifs 5 --dna
********************************************************************************
CPU:		HDash-MacBook-Pro.local
********************************************************************************
FINALTIME:	528.97 seconds
********************************************************************************
