********************************************************************************
STREME - Sensitive, Thorough, Rapid, Enriched Motif Elicitation
********************************************************************************
MEME version 5.5.5 (Release date: Thu Sep 14 08:48:04 2023 +1000)

For further information on how to interpret these results please access http://meme-suite.org/.
To get a copy of the MEME Suite software please access https://meme-suite.org.

********************************************************************************


********************************************************************************
REFERENCE
********************************************************************************
If you use this program in your research, please cite:

Timothy L. Bailey,
"STREME: accurate and versatile sequence motif discovery",
Bioinformatics, Mar. 24, 2021.
********************************************************************************


ALPHABET= ACGT

strands: + -

Background letter frequencies
A 0.248 C 0.252 G 0.252 T 0.248 

MOTIF 1-CCASYAGRKGGCR STREME-1
letter-probability matrix: alength= 4 w= 13 nsites= 12902 E= 4.6e-222
 0.064532 0.842329 0.040687 0.052451
 0.004856 0.992551 0.001526 0.001067
 0.727077 0.034413 0.065046 0.173464
 0.037104 0.564541 0.381078 0.017276
 0.112835 0.377559 0.062157 0.447449
 0.916615 0.007371 0.046496 0.029517
 0.002052 0.000995 0.995616 0.001337
 0.330041 0.003744 0.659194 0.007021
 0.105136 0.022328 0.513526 0.359010
 0.009506 0.002356 0.977499 0.010638
 0.050801 0.077292 0.776278 0.095629
 0.177573 0.669538 0.033697 0.119192
 0.396408 0.090470 0.437788 0.075333

MOTIF 2-AAAAAAAAAAAAAAAAAAAAAVAA STREME-2
letter-probability matrix: alength= 4 w= 24 nsites= 1180 E= 9.5e-027
 0.974367 0.025565 0.000034 0.000034
 0.999897 0.000034 0.000034 0.000034
 0.994224 0.001926 0.000034 0.003816
 0.808893 0.077571 0.055823 0.057713
 0.792817 0.134307 0.045421 0.027455
 0.817404 0.103101 0.046367 0.033128
 0.962075 0.013272 0.011381 0.013272
 0.853334 0.068116 0.029347 0.049203
 0.935599 0.021782 0.032184 0.010435
 0.687859 0.217517 0.078516 0.016108
 0.926144 0.045421 0.015163 0.013272
 0.801329 0.102156 0.034075 0.062441
 0.883593 0.036911 0.067170 0.012326
 0.815985 0.125322 0.052986 0.005707
 0.848605 0.087974 0.049204 0.014217
 0.695978 0.120514 0.113502 0.070005
 0.861845 0.026510 0.081353 0.030292
 0.737976 0.095537 0.131468 0.035020
 0.776352 0.110665 0.075126 0.037856
 0.675566 0.154164 0.088918 0.081352
 0.786200 0.042585 0.069061 0.102154
 0.451070 0.226417 0.263854 0.058659
 0.702988 0.067170 0.077573 0.152270
 0.759877 0.102549 0.036363 0.101211

MOTIF 3-CCTGTAATCCCAGCWMYTTGGGA STREME-3
letter-probability matrix: alength= 4 w= 23 nsites= 856 E= 1.3e-026
 0.013628 0.922448 0.014987 0.048936
 0.004122 0.937386 0.008197 0.050294
 0.006838 0.012271 0.006839 0.974051
 0.067949 0.005481 0.925163 0.001407
 0.004122 0.024493 0.012271 0.959113
 0.930595 0.027210 0.038073 0.004122
 0.786640 0.012271 0.198324 0.002764
 0.001407 0.028567 0.004123 0.965903
 0.013628 0.902078 0.009555 0.074739
 0.017702 0.884424 0.027209 0.070665
 0.005480 0.931954 0.005481 0.057085
 0.968619 0.006839 0.014987 0.009554
 0.074742 0.006839 0.912938 0.005480
 0.023134 0.925164 0.010913 0.040788
 0.615526 0.009555 0.029925 0.344994
 0.340920 0.599229 0.031284 0.028567
 0.004122 0.342279 0.004123 0.649475
 0.006838 0.042148 0.012271 0.938743
 0.027208 0.221414 0.016345 0.735032
 0.115481 0.021777 0.826028 0.036714
 0.048938 0.012271 0.926520 0.012270
 0.062516 0.014987 0.918375 0.004122
 0.936028 0.005481 0.053010 0.005481

MOTIF 4-GGCYGAGGCRGGAGGATCRCTTG STREME-4
letter-probability matrix: alength= 4 w= 23 nsites= 767 E= 9.5e-025
 0.060995 0.002955 0.920037 0.016013
 0.040680 0.013112 0.931645 0.014562
 0.005856 0.951960 0.011661 0.030523
 0.014562 0.338144 0.005857 0.641437
 0.171274 0.013112 0.798150 0.017464
 0.989685 0.001504 0.007308 0.001503
 0.040680 0.010210 0.938901 0.010209
 0.081309 0.000053 0.911331 0.007307
 0.021817 0.693676 0.016014 0.268493
 0.574689 0.008759 0.397637 0.018915
 0.033425 0.033426 0.917135 0.016013
 0.063897 0.016014 0.914233 0.005856
 0.615319 0.191589 0.031975 0.161117
 0.129193 0.002955 0.856192 0.011660
 0.325111 0.007308 0.658823 0.008758
 0.959214 0.008759 0.027622 0.004405
 0.010209 0.045035 0.005857 0.938900
 0.021817 0.731397 0.069704 0.177082
 0.534038 0.040681 0.406365 0.018915
 0.008758 0.899723 0.016014 0.075505
 0.033425 0.175628 0.094372 0.696574
 0.094369 0.021818 0.030524 0.853288
 0.033425 0.011661 0.946156 0.008758

MOTIF 5-WCCAGCCTGGGCAACAKRG STREME-5
letter-probability matrix: alength= 4 w= 19 nsites= 831 E= 3.4e-024
 0.401052 0.028689 0.020507 0.549753
 0.016414 0.927573 0.010960 0.045053
 0.004140 0.945302 0.005505 0.045053
 0.987578 0.002777 0.006868 0.002776
 0.038234 0.004141 0.908479 0.049146
 0.004140 0.953485 0.010960 0.031416
 0.002776 0.954848 0.004141 0.038234
 0.001413 0.016415 0.002777 0.979395
 0.035507 0.002777 0.949393 0.012323
 0.076421 0.001413 0.916661 0.005504
 0.060055 0.246938 0.683411 0.009595
 0.032780 0.742072 0.016415 0.208734
 0.665664 0.016415 0.308326 0.009595
 0.968485 0.005505 0.024598 0.001413
 0.024597 0.875749 0.023234 0.076421
 0.931663 0.010960 0.046418 0.010959
 0.115974 0.083241 0.435191 0.365594
 0.620673 0.008232 0.343771 0.027324
 0.109155 0.012324 0.870290 0.008231

********************************************************************************
Stopped because maximum number of motifs (5) reached.
********************************************************************************
COMMAND:	streme --p /var/folders/02/8xlc9n4x3gv96_rj588v5bqh0000gn/T//RtmpETxpCX/filee63e82b9afd.fa --oc /Users/hdash/code/icl_project2/MotifPeeker_reports/CTCF_ChIP-TIP/output/MotifPeeker_20240711_230621/streme/4 --minw 8 --maxw 25 --nmotifs 5 --dna
********************************************************************************
CPU:		HDash-MacBook-Pro.local
********************************************************************************
FINALTIME:	827.94 seconds
********************************************************************************
