********************************************************************************
STREME - Sensitive, Thorough, Rapid, Enriched Motif Elicitation
********************************************************************************
MEME version 5.5.5 (Release date: Thu Sep 14 08:48:04 2023 +1000)

For further information on how to interpret these results please access http://meme-suite.org/.
To get a copy of the MEME Suite software please access https://meme-suite.org.

********************************************************************************


********************************************************************************
REFERENCE
********************************************************************************
If you use this program in your research, please cite:

Timothy L. Bailey,
"STREME: accurate and versatile sequence motif discovery",
Bioinformatics, Mar. 24, 2021.
********************************************************************************


ALPHABET= ACGT

strands: + -

Background letter frequencies
A 0.248 C 0.252 G 0.252 T 0.248 

MOTIF 1-CCASYAGRKGGCRSYV STREME-1
letter-probability matrix: alength= 4 w= 16 nsites= 23191 E= 1.6e-808
 0.086585 0.822382 0.036694 0.054338
 0.000002 0.999995 0.000002 0.000002
 0.804952 0.013883 0.077342 0.103823
 0.034909 0.612277 0.337498 0.015315
 0.127375 0.427442 0.044219 0.400964
 0.946856 0.000886 0.026896 0.025362
 0.001131 0.000002 0.998767 0.000100
 0.453124 0.000149 0.545793 0.000935
 0.022878 0.009148 0.549001 0.418973
 0.005305 0.000002 0.993365 0.001328
 0.015225 0.014777 0.893037 0.076961
 0.118808 0.782263 0.013989 0.084940
 0.480966 0.024142 0.448890 0.046003
 0.097468 0.506448 0.327503 0.068582
 0.128533 0.351655 0.080031 0.439781
 0.405088 0.231847 0.262518 0.100547

MOTIF 2-GGAGGCTGAGGCRGGAGRATC STREME-2
letter-probability matrix: alength= 4 w= 21 nsites= 1396 E= 1.2e-036
 0.029936 0.010313 0.953176 0.006575
 0.038346 0.007510 0.946635 0.007509
 0.974668 0.007510 0.011247 0.006575
 0.033674 0.005641 0.954111 0.006575
 0.036477 0.005641 0.945701 0.012181
 0.007509 0.961586 0.008444 0.022460
 0.027133 0.249533 0.009379 0.713956
 0.080397 0.008444 0.907388 0.003771
 0.981209 0.002837 0.009379 0.006575
 0.052363 0.014985 0.923274 0.009378
 0.054232 0.010313 0.924208 0.011247
 0.020591 0.787778 0.007510 0.184121
 0.598084 0.014051 0.362602 0.025264
 0.042084 0.018723 0.919536 0.019657
 0.051428 0.010313 0.932618 0.005640
 0.667233 0.174777 0.017789 0.140202
 0.082265 0.010313 0.898978 0.008444
 0.453243 0.009379 0.526131 0.011247
 0.958782 0.015920 0.019658 0.005640
 0.006575 0.026199 0.015920 0.951307
 0.014050 0.703677 0.120578 0.161694

MOTIF 3-CCAGCCTGGGCRACAKAGY STREME-3
letter-probability matrix: alength= 4 w= 19 nsites= 1309 E= 8.1e-035
 0.009537 0.941141 0.018180 0.031142
 0.008673 0.948055 0.005217 0.038056
 0.980030 0.000896 0.012130 0.006945
 0.030278 0.006081 0.916944 0.046698
 0.002624 0.954968 0.007809 0.034599
 0.003488 0.966203 0.002624 0.027685
 0.003488 0.008673 0.001760 0.986079
 0.023364 0.003488 0.966203 0.006945
 0.076944 0.002624 0.913487 0.006945
 0.031142 0.254105 0.706944 0.007809
 0.024229 0.729413 0.009538 0.236821
 0.585956 0.008673 0.394969 0.010401
 0.969659 0.002624 0.025957 0.001759
 0.012130 0.919536 0.012994 0.055340
 0.963610 0.004352 0.029414 0.002624
 0.057068 0.084723 0.521142 0.337068
 0.657684 0.006081 0.318056 0.018179
 0.082130 0.011266 0.899660 0.006945
 0.075216 0.428673 0.096821 0.399290

MOTIF 4-GGGATTACAGGCGTGAGCCA STREME-4
letter-probability matrix: alength= 4 w= 20 nsites= 1431 E= 6.8e-033
 0.078829 0.005974 0.898815 0.016382
 0.079572 0.029764 0.874283 0.016382
 0.068421 0.011178 0.913684 0.006717
 0.973156 0.005974 0.017126 0.003744
 0.005231 0.168039 0.004488 0.822243
 0.006717 0.028277 0.013409 0.951597
 0.964235 0.007461 0.023816 0.004487
 0.003000 0.931525 0.009691 0.055783
 0.976873 0.005231 0.012665 0.005231
 0.029020 0.003744 0.959775 0.007461
 0.047605 0.011178 0.933012 0.008204
 0.027533 0.720396 0.014152 0.237919
 0.301110 0.026047 0.640850 0.031993
 0.016382 0.183650 0.012665 0.787303
 0.075112 0.099645 0.813323 0.011921
 0.703297 0.168782 0.017126 0.110795
 0.127151 0.012665 0.851980 0.008204
 0.008204 0.933012 0.008205 0.050579
 0.011921 0.934499 0.005231 0.048349
 0.947137 0.013409 0.032737 0.006717

MOTIF 5-GTCTCWAAAAAAAAAAAAAAAAAAA STREME-5
letter-probability matrix: alength= 4 w= 25 nsites= 1361 E= 7.0e-030
 0.267630 0.011551 0.710154 0.010665
 0.008893 0.027501 0.004463 0.959144
 0.015095 0.921043 0.009779 0.054083
 0.013690 0.004463 0.000032 0.981815
 0.043450 0.901549 0.010665 0.044336
 0.625089 0.034590 0.006235 0.334086
 0.966232 0.005349 0.023957 0.004462
 0.664963 0.304846 0.011551 0.018640
 0.726989 0.015096 0.014210 0.243705
 0.918384 0.027501 0.028387 0.025728
 0.930789 0.031045 0.016868 0.021298
 0.936106 0.020412 0.017754 0.025728
 0.915726 0.021298 0.031045 0.031931
 0.913067 0.018640 0.023070 0.045222
 0.692432 0.034590 0.003577 0.269402
 0.894460 0.045223 0.025729 0.034589
 0.685343 0.244592 0.019526 0.050539
 0.895346 0.046109 0.026615 0.031931
 0.872307 0.033704 0.041678 0.052311
 0.889143 0.029273 0.033704 0.047880
 0.859016 0.035476 0.054970 0.050539
 0.797876 0.049653 0.064717 0.087754
 0.643697 0.042564 0.070919 0.242819
 0.597621 0.057628 0.075350 0.269402
 0.639267 0.069147 0.126743 0.164844

********************************************************************************
Stopped because maximum number of motifs (5) reached.
********************************************************************************
COMMAND:	streme --p /tmp/Rtmp6bGvRV/file4f3d58a68f0f.fa --oc /home/hd423/code/public/MotifPeeker-reports/CTCF_ChIP-TIP/output/MotifPeeker_20241130_134203/streme/1 --minw 8 --maxw 25 --nmotifs 5 --dna
********************************************************************************
CPU:		workstation-neurogenomics-2
********************************************************************************
FINALTIME:	1423.12 seconds
********************************************************************************
