********************************************************************************
STREME - Sensitive, Thorough, Rapid, Enriched Motif Elicitation
********************************************************************************
MEME version 5.5.5 (Release date: Thu Sep 14 08:48:04 2023 +1000)

For further information on how to interpret these results please access http://meme-suite.org/.
To get a copy of the MEME Suite software please access https://meme-suite.org.

********************************************************************************


********************************************************************************
REFERENCE
********************************************************************************
If you use this program in your research, please cite:

Timothy L. Bailey,
"STREME: accurate and versatile sequence motif discovery",
Bioinformatics, Mar. 24, 2021.
********************************************************************************


ALPHABET= ACGT

strands: + -

Background letter frequencies
A 0.262 C 0.238 G 0.238 T 0.262 

MOTIF 1-CCASYAGRKGGCRSYVBNR STREME-1
letter-probability matrix: alength= 4 w= 19 nsites= 21482 E= 8.7e-524
 0.090411 0.811248 0.040622 0.057719
 0.000002 0.999994 0.000002 0.000002
 0.806352 0.013800 0.077004 0.102844
 0.032973 0.615112 0.333721 0.018193
 0.139300 0.415074 0.048964 0.396663
 0.930072 0.009718 0.032612 0.027599
 0.000829 0.000002 0.999167 0.000002
 0.462576 0.000053 0.537059 0.000312
 0.021087 0.008684 0.537317 0.432912
 0.004188 0.000002 0.995033 0.000777
 0.013594 0.012146 0.897833 0.076427
 0.110721 0.794185 0.013232 0.081862
 0.492636 0.015351 0.453924 0.038090
 0.092146 0.513161 0.334949 0.059743
 0.117779 0.357201 0.074597 0.450423
 0.412964 0.229316 0.270277 0.087444
 0.179743 0.187155 0.265182 0.367921
 0.330173 0.174743 0.191414 0.303670
 0.229265 0.153563 0.448230 0.168942

MOTIF 2-AAAAAAAAAAAAAAAANAAA STREME-2
letter-probability matrix: alength= 4 w= 20 nsites= 1914 E= 5.8e-033
 0.867099 0.054164 0.002703 0.076034
 0.961303 0.025336 0.004727 0.008634
 0.942270 0.027094 0.007080 0.023555
 0.943234 0.016493 0.011198 0.029074
 0.758821 0.109449 0.017349 0.114381
 0.874035 0.058853 0.038850 0.028262
 0.852267 0.077680 0.033555 0.036499
 0.948164 0.031202 0.015905 0.004729
 0.772843 0.098271 0.030613 0.098273
 0.918748 0.034732 0.020612 0.025909
 0.864034 0.042380 0.042968 0.050618
 0.796964 0.121216 0.041792 0.040029
 0.739896 0.081798 0.072385 0.105921
 0.947576 0.037085 0.012375 0.002964
 0.945328 0.031790 0.016977 0.005905
 0.980735 0.000020 0.005103 0.014142
 0.319127 0.235383 0.254521 0.190970
 0.873448 0.052367 0.014495 0.059690
 0.904103 0.033211 0.011497 0.051189
 0.851099 0.056417 0.051839 0.040645

MOTIF 3-ATTACAGGCGTGAGCCACCRYGCC STREME-3
letter-probability matrix: alength= 4 w= 24 nsites= 895 E= 4.6e-024
 0.978044 0.002611 0.012879 0.006466
 0.006466 0.075768 0.001328 0.916438
 0.010316 0.020579 0.018013 0.951092
 0.974194 0.001328 0.021863 0.002615
 0.000048 0.924135 0.014162 0.061654
 0.979328 0.009028 0.003895 0.007749
 0.035985 0.002611 0.956221 0.005182
 0.060371 0.007745 0.916434 0.015450
 0.021867 0.712364 0.015446 0.250323
 0.282409 0.033414 0.652041 0.032135
 0.015450 0.104004 0.016729 0.863817
 0.060371 0.044965 0.881781 0.012883
 0.849699 0.060367 0.016729 0.073206
 0.105292 0.001328 0.886915 0.006466
 0.005182 0.943387 0.009028 0.042403
 0.007749 0.954938 0.003895 0.033418
 0.942108 0.009028 0.033414 0.015450
 0.015450 0.927985 0.006461 0.050103
 0.039836 0.658459 0.021863 0.279843
 0.335031 0.029564 0.609687 0.025718
 0.037269 0.604553 0.038548 0.319630
 0.218237 0.033414 0.690545 0.057804
 0.019300 0.912584 0.018013 0.050103
 0.018017 0.885631 0.024430 0.071922

MOTIF 4-ACTCCAGCCTGGGCRACAGA STREME-4
letter-probability matrix: alength= 4 w= 20 nsites= 923 E= 5.2e-022
 0.947439 0.014341 0.022683 0.015537
 0.017920 0.667387 0.272938 0.041754
 0.269367 0.013150 0.015533 0.701951
 0.014345 0.927176 0.020300 0.038179
 0.007195 0.931943 0.002424 0.058438
 0.977231 0.000041 0.013150 0.009578
 0.026262 0.014341 0.927176 0.032221
 0.003620 0.958160 0.003616 0.034604
 0.010770 0.939093 0.011958 0.038179
 0.004812 0.021491 0.004808 0.968889
 0.044138 0.001233 0.943860 0.010770
 0.078697 0.005999 0.909301 0.006003
 0.052479 0.137085 0.794898 0.015537
 0.021495 0.718630 0.027450 0.232425
 0.573248 0.020300 0.395682 0.010770
 0.955781 0.000041 0.039367 0.004812
 0.017920 0.903342 0.014341 0.064396
 0.947439 0.011958 0.029833 0.010770
 0.147815 0.082268 0.531535 0.238383
 0.686459 0.015533 0.272938 0.025070

MOTIF 5-CCCAGCACTTTGGGAGGCYGAGG STREME-5
letter-probability matrix: alength= 4 w= 23 nsites= 749 E= 1.2e-021
 0.010272 0.926862 0.017565 0.045301
 0.013191 0.909348 0.010267 0.067194
 0.013191 0.896212 0.004429 0.086168
 0.956058 0.005888 0.029241 0.008812
 0.074492 0.007348 0.913726 0.004434
 0.024867 0.929781 0.008807 0.036544
 0.691880 0.014646 0.021943 0.271531
 0.261314 0.683118 0.017565 0.038003
 0.002974 0.277364 0.004429 0.715233
 0.011731 0.024862 0.007348 0.956058
 0.016110 0.197089 0.010267 0.776534
 0.125576 0.010267 0.833451 0.030706
 0.030706 0.011727 0.938539 0.019029
 0.054058 0.017565 0.918105 0.010272
 0.961896 0.002969 0.020484 0.014651
 0.058437 0.007348 0.931241 0.002974
 0.054058 0.011727 0.919565 0.014651
 0.011731 0.934160 0.007348 0.046761
 0.033625 0.480241 0.020484 0.465650
 0.208770 0.023403 0.750257 0.017570
 0.942922 0.007348 0.040918 0.008812
 0.084709 0.007348 0.891833 0.016110
 0.055518 0.011727 0.919565 0.013191

********************************************************************************
Stopped because maximum number of motifs (5) reached.
********************************************************************************
COMMAND:	streme --p /var/folders/02/8xlc9n4x3gv96_rj588v5bqh0000gn/T//RtmpETxpCX/filee63e53c48191.fa --oc /Users/hdash/code/icl_project2/MotifPeeker_reports/CTCF_ChIP-TIP/output/MotifPeeker_20240711_230621/streme/6 --minw 8 --maxw 25 --nmotifs 5 --dna
********************************************************************************
CPU:		HDash-MacBook-Pro.local
********************************************************************************
FINALTIME:	936.35 seconds
********************************************************************************
