********************************************************************************
STREME - Sensitive, Thorough, Rapid, Enriched Motif Elicitation
********************************************************************************
MEME version 5.5.5 (Release date: Thu Sep 14 08:48:04 2023 +1000)

For further information on how to interpret these results please access http://meme-suite.org/.
To get a copy of the MEME Suite software please access https://meme-suite.org.

********************************************************************************


********************************************************************************
REFERENCE
********************************************************************************
If you use this program in your research, please cite:

Timothy L. Bailey,
"STREME: accurate and versatile sequence motif discovery",
Bioinformatics, Mar. 24, 2021.
********************************************************************************


ALPHABET= ACGT

strands: + -

Background letter frequencies
A 0.26 C 0.24 G 0.24 T 0.26 

MOTIF 1-CCASYAGRKGGCRSYV STREME-1
letter-probability matrix: alength= 4 w= 16 nsites= 6310 E= 4.4e-171
 0.116908 0.713733 0.068445 0.100913
 0.007276 0.992019 0.000006 0.000699
 0.731375 0.028535 0.057022 0.183068
 0.066816 0.473584 0.430444 0.029156
 0.171674 0.413249 0.079869 0.335207
 0.850194 0.008487 0.056329 0.084990
 0.003021 0.000006 0.996967 0.000007
 0.440513 0.001045 0.552032 0.006411
 0.051931 0.012468 0.503181 0.432420
 0.004853 0.000006 0.994962 0.000180
 0.022853 0.022161 0.859784 0.095202
 0.134158 0.759169 0.012540 0.094134
 0.503139 0.030988 0.414217 0.051657
 0.081916 0.489465 0.322196 0.106422
 0.129341 0.362811 0.073220 0.434628
 0.390421 0.236419 0.273315 0.099845

MOTIF 2-YAAAAAAAAAAAAAAAAAA STREME-2
letter-probability matrix: alength= 4 w= 19 nsites= 443 E= 2.1e-008
 0.006750 0.479630 0.172331 0.341289
 0.997126 0.000090 0.002687 0.000098
 0.994529 0.000090 0.005283 0.000098
 0.984144 0.013072 0.000090 0.002694
 0.955585 0.044228 0.000090 0.000098
 0.858446 0.123192 0.018264 0.000098
 0.869907 0.054613 0.039035 0.036446
 0.810192 0.067594 0.059805 0.062409
 0.903659 0.028650 0.023457 0.044235
 0.937411 0.002687 0.018264 0.041638
 0.841347 0.135098 0.005283 0.018272
 0.954509 0.037514 0.007879 0.000098
 0.825769 0.075383 0.054613 0.044235
 0.836155 0.057209 0.054613 0.052024
 0.830962 0.070191 0.036439 0.062409
 0.864714 0.057209 0.046824 0.031253
 0.822098 0.046824 0.080576 0.050503
 0.783153 0.059805 0.054613 0.102429
 0.795777 0.053092 0.070548 0.080583

MOTIF 3-AGGKGGCGCT STREME-3
letter-probability matrix: alength= 4 w= 10 nsites= 510 E= 2.3e-007
 0.917637 0.034277 0.017795 0.030290
 0.000158 0.013594 0.981873 0.004375
 0.199466 0.000147 0.800229 0.000158
 0.095865 0.006627 0.450599 0.446909
 0.000158 0.004363 0.986888 0.008591
 0.004375 0.000147 0.995320 0.000158
 0.107068 0.815050 0.000147 0.077735
 0.010491 0.000147 0.989204 0.000158
 0.038685 0.956794 0.004363 0.000158
 0.006639 0.247484 0.002419 0.743458

MOTIF 4-CCAGCCTGGGCRACAGAG STREME-4
letter-probability matrix: alength= 4 w= 18 nsites= 141 E= 1.8e-005
 0.000347 0.934255 0.018815 0.046582
 0.000347 0.980490 0.000322 0.018841
 0.999009 0.000322 0.000322 0.000347
 0.055829 0.009569 0.915762 0.018841
 0.028088 0.906515 0.000322 0.065075
 0.028088 0.915762 0.009569 0.046582
 0.009594 0.000322 0.018815 0.971269
 0.037335 0.000322 0.943502 0.018841
 0.037335 0.000322 0.961996 0.000347
 0.074322 0.055803 0.869527 0.000347
 0.037335 0.795552 0.000322 0.166791
 0.601394 0.009569 0.370196 0.018841
 0.943528 0.000322 0.055803 0.000347
 0.018841 0.934255 0.009569 0.037335
 0.952775 0.018815 0.018815 0.009594
 0.111310 0.083544 0.656849 0.148297
 0.851059 0.000322 0.129778 0.018841
 0.102063 0.000322 0.897268 0.000347

MOTIF 5-GATTACAGGCRTGAGCCACCR STREME-5
letter-probability matrix: alength= 4 w= 21 nsites= 135 E= 5.9e-004
 0.041243 0.000285 0.941791 0.016682
 0.941814 0.033033 0.016659 0.008495
 0.000308 0.131277 0.000285 0.868131
 0.000308 0.057594 0.024846 0.917253
 0.941814 0.016659 0.041220 0.000308
 0.000308 0.949978 0.000285 0.049430
 0.950001 0.008472 0.016659 0.024869
 0.057617 0.000285 0.933604 0.008495
 0.106739 0.016659 0.859921 0.016682
 0.024869 0.679807 0.033033 0.262292
 0.311414 0.049407 0.606124 0.033056
 0.024869 0.123090 0.049407 0.802635
 0.073991 0.041220 0.868108 0.016682
 0.753513 0.147651 0.024846 0.073991
 0.123113 0.016659 0.851734 0.008495
 0.000308 0.958165 0.008472 0.033056
 0.000308 0.933604 0.008472 0.057617
 0.868131 0.041220 0.082155 0.008495
 0.016682 0.900856 0.016659 0.065804
 0.008495 0.647059 0.024846 0.319601
 0.401471 0.041220 0.548815 0.008495

********************************************************************************
Stopped because maximum number of motifs (5) reached.
********************************************************************************
COMMAND:	streme --p /var/folders/02/8xlc9n4x3gv96_rj588v5bqh0000gn/T//RtmpETxpCX/filee6407f959192.fa --oc /Users/hdash/code/icl_project2/MotifPeeker_reports/CTCF_ChIP-TIP/output/MotifPeeker_20240711_230621/streme/8 --minw 8 --maxw 25 --nmotifs 5 --dna
********************************************************************************
CPU:		HDash-MacBook-Pro.local
********************************************************************************
FINALTIME:	167.90 seconds
********************************************************************************
