********************************************************************************
STREME - Sensitive, Thorough, Rapid, Enriched Motif Elicitation
********************************************************************************
MEME version 5.5.5 (Release date: Thu Sep 14 08:48:04 2023 +1000)

For further information on how to interpret these results please access http://meme-suite.org/.
To get a copy of the MEME Suite software please access https://meme-suite.org.

********************************************************************************


********************************************************************************
REFERENCE
********************************************************************************
If you use this program in your research, please cite:

Timothy L. Bailey,
"STREME: accurate and versatile sequence motif discovery",
Bioinformatics, Mar. 24, 2021.
********************************************************************************


ALPHABET= ACGT

strands: + -

Background letter frequencies
A 0.247 C 0.253 G 0.253 T 0.247 

MOTIF 1-RCCASYAGRKGGCRSYV STREME-1
letter-probability matrix: alength= 4 w= 17 nsites= 22671 E= 6.5e-535
 0.298228 0.079612 0.442191 0.179969
 0.080978 0.840182 0.029288 0.049552
 0.000002 0.999995 0.000002 0.000002
 0.825493 0.010783 0.074790 0.088934
 0.032638 0.623196 0.332694 0.011473
 0.132964 0.431591 0.038660 0.396784
 0.932425 0.006621 0.031603 0.029351
 0.001321 0.000053 0.998472 0.000154
 0.454040 0.000103 0.544839 0.001017
 0.024711 0.009645 0.548454 0.417189
 0.005788 0.000357 0.991772 0.002083
 0.016112 0.015148 0.889111 0.079629
 0.126446 0.771405 0.015546 0.086603
 0.474845 0.025248 0.454965 0.044942
 0.099922 0.502771 0.327402 0.069905
 0.132843 0.345505 0.083681 0.437972
 0.398874 0.232549 0.268531 0.100045

MOTIF 2-GGATTACAGGCGTGAGCCAC STREME-2
letter-probability matrix: alength= 4 w= 20 nsites= 1295 E= 3.9e-038
 0.064765 0.009654 0.914177 0.011403
 0.043770 0.010529 0.940421 0.005280
 0.980660 0.002656 0.014903 0.001781
 0.004405 0.147870 0.005281 0.842445
 0.005280 0.021027 0.011404 0.962289
 0.978035 0.002656 0.014903 0.004405
 0.003530 0.933422 0.008780 0.054268
 0.978035 0.005281 0.010529 0.006155
 0.028899 0.002656 0.959666 0.008779
 0.042895 0.009654 0.937796 0.009654
 0.024525 0.719976 0.009654 0.245844
 0.303580 0.021901 0.644745 0.029774
 0.018402 0.157492 0.011404 0.812702
 0.067389 0.077013 0.843320 0.012278
 0.736596 0.139997 0.016653 0.106754
 0.120751 0.007030 0.863440 0.008779
 0.007904 0.936047 0.005281 0.050768
 0.011403 0.936922 0.002656 0.049019
 0.951792 0.008780 0.034148 0.005280
 0.016652 0.929049 0.013154 0.041146

MOTIF 3-ASWCCAGCCTGGGCRACA STREME-3
letter-probability matrix: alength= 4 w= 18 nsites= 1247 E= 1.3e-036
 0.973225 0.009232 0.007392 0.010151
 0.010151 0.609888 0.348653 0.031307
 0.354172 0.009232 0.000953 0.635643
 0.011991 0.939191 0.019350 0.029468
 0.002792 0.960348 0.003713 0.033147
 0.974145 0.002793 0.012911 0.010151
 0.034987 0.004633 0.906077 0.054303
 0.005552 0.939191 0.011991 0.043265
 0.011991 0.948390 0.006472 0.033147
 0.000033 0.011991 0.008312 0.979664
 0.034067 0.002793 0.952989 0.010151
 0.071780 0.006472 0.913436 0.008311
 0.034987 0.226314 0.731307 0.007392
 0.025788 0.700033 0.014751 0.259428
 0.563895 0.015671 0.407523 0.012911
 0.967706 0.003713 0.023030 0.005552
 0.017510 0.900558 0.021190 0.060742
 0.940110 0.007392 0.039587 0.012911

MOTIF 4-RTCTCAAAAAAAAAAAAAAAAAAAA STREME-4
letter-probability matrix: alength= 4 w= 25 nsites= 1589 E= 6.5e-033
 0.322347 0.043279 0.607141 0.027233
 0.059357 0.064209 0.015374 0.861061
 0.072756 0.798827 0.024443 0.103974
 0.120894 0.022350 0.006304 0.850452
 0.136242 0.736737 0.026536 0.100485
 0.639243 0.032815 0.010490 0.317452
 0.951787 0.004909 0.034908 0.008397
 0.709705 0.246991 0.011885 0.031419
 0.764818 0.016769 0.011188 0.207225
 0.912719 0.029326 0.027931 0.030024
 0.918300 0.038396 0.012583 0.030721
 0.928067 0.021652 0.016071 0.034209
 0.912719 0.027234 0.029326 0.030721
 0.914114 0.018862 0.020257 0.046767
 0.720867 0.037698 0.008397 0.233038
 0.899464 0.039791 0.021652 0.039093
 0.730634 0.209318 0.018862 0.041186
 0.888301 0.043279 0.027931 0.040488
 0.872953 0.035605 0.037698 0.053743
 0.895278 0.026536 0.030722 0.047465
 0.847838 0.043279 0.055139 0.053743
 0.797608 0.058627 0.054442 0.089323
 0.654591 0.052349 0.076766 0.216294
 0.647614 0.046768 0.069790 0.235828
 0.656773 0.066302 0.126299 0.150627

MOTIF 5-CCTCRGCCTCCCAA STREME-5
letter-probability matrix: alength= 4 w= 14 nsites= 1198 E= 5.0e-028
 0.008267 0.963448 0.005918 0.022367
 0.007092 0.971673 0.004743 0.016492
 0.008267 0.005718 0.015318 0.970697
 0.008493 0.797865 0.007876 0.185766
 0.333449 0.041168 0.601101 0.024282
 0.029417 0.003568 0.965311 0.001705
 0.005539 0.966177 0.004743 0.023542
 0.008267 0.942298 0.009443 0.039992
 0.008493 0.005918 0.005918 0.979671
 0.001217 0.953273 0.005718 0.039792
 0.009442 0.942378 0.014143 0.034037
 0.012967 0.950523 0.009443 0.027067
 0.866985 0.016981 0.104078 0.011956
 0.938137 0.013603 0.039993 0.008267

********************************************************************************
Stopped because maximum number of motifs (5) reached.
********************************************************************************
COMMAND:	streme --p /var/folders/02/8xlc9n4x3gv96_rj588v5bqh0000gn/T//RtmpETxpCX/filee640535bbe0f.fa --oc /Users/hdash/code/icl_project2/MotifPeeker_reports/CTCF_ChIP-TIP/output/MotifPeeker_20240711_230621/streme/9 --minw 8 --maxw 25 --nmotifs 5 --dna
********************************************************************************
CPU:		HDash-MacBook-Pro.local
********************************************************************************
FINALTIME:	1564.41 seconds
********************************************************************************
